426
427
442
445
446
449
451
452
454
455
457
458
486
488
489
491
492
493
495
496
497
513
514
515
516
517
518
528
529
545
547
548
551
553
554
556
557
560
561
564
565
568
569
572
573
585
587
590
592
595
596
601
602
604
607
608
609
614
632
639
640
643
645
646
653
654
657
658
665
666
672
674
676
686
700
701
704
728
732
735
739
742
747
751
764
766
777
779
788
790
801
803
814
816
831
834
840
843
844
845
847
848
849
857
866
867
877
880
882
896
898
910
912
923
925
927
936
937
939
942
943
951
953
979
994
995
998
1002
1003
1006
1008
1009
1012
1013
1015
1016
1018
1019
1024
1025
1027
1028
1030
1031
1034
1035
1037
1038
1040
1041
1044
1045
1047
1048
1050
1053
1054
1055
1062
1065
1066
1069
1070
1073
1074
1077
1085
1086
1088
1091
1101
1103
1104
1106
1109
1110
1111
1121
1122
1125
1158
1161
1163
1194
1196
1228
1230
1231
1234
1238
1240
1243
1274
1277
1282
1330
1351
1386
1388
1422
1439
1441
1444
1446
1451
1452
1454
1456
1462
1463
1466
1468
1471
1476
1478
1479
1482
1483
1486
1487
1490
1506
1509
1525
1526
1529
1531
1533
1536
1595
1612
1628
1629
1630
1636
1637
1640
1652
1657
1658
1659
1660
1662
1663
1665
1666
1668
1679
1681
1683
1717
1718
1721
1732
1734
1748
1752
1753
1759
1760
1762
1763
1766
1770
1773
1775
1778
1780
1785
1787
1790
1792
1797
1799
1802
1804
1807
1809
1814
1816
1818
1820
1823
1842
1844
1845
1851
1858
1859
1861
1862
1865
1866
1868
1871
1873
1888
1890
1897
1905
1906
1907
1909
1910
1917
1918
1926
1929
1930
1933
1934
1937
1938
1941
1942
1945
1946
1949
1959
1962
1976
2011
2012
2014
2018
